message: Roots are not real
r1: -0.21922359359558485
r2: -2.2807764064044154
